21
13.1856  3.11023  1.54987
10.3388  5.85738  -0.293347
7.44841  7.51629  -1.56109
5.74231  9.74773  -2.87637
4.63924  11.9732  -4.28777
10.6566  11.3431  1.26357
10.1671  15.1771  1.02078
9.96062  17.4666  0.0944192
9.82866  19.6276  -0.885323
13.139  11.2668  1.32983
13.2411  15.8643  0.930835
13.0312  18.3779  -0.326457
12.7879  20.6299  -1.66367 
15.0289  10.95  0.992353
15.7685  15.2284  0.452355
15.7627  17.2346  -1.03837
15.697  19.0983  -2.58922
16.7209  10.1251  0.556153
17.7356  12.7956  -0.248524
18.0614  14.4674  -1.40431
18.2465  16.2159  -2.69761